=====measurements=====
|t|ch1|ch2|ch3|ch4|ch5|ch6|
0, 4.06,805.00
13, 3.95,783.00
49, 3.77,747.00
84, 3.63,720.00
122, 3.56,706.00
154, 3.53,700.00
189, 3.50,694.00
224, 3.46,686.00
259, 3.42,679.00
294, 3.39,672.00
329, 3.33,661.00
364, 3.28,651.00
399, 3.24,643.00
434, 3.19,632.00
472, 3.09,612.00
504, 3.00,594.00
539, 2.88,570.00
574, 2.73,541.00
609, 2.63,521.00
644, 2.49,494.00
679, 2.31,458.00
714, 2.17,431.00
753, 2.05,406.00
784, 1.87,370.00
819, 1.69,335.00
853, 1.50,298.00
888, 1.29,255.00
923, 1.23,243.00
958, 1.23,244.00
992, 1.24,246.00
1030, 1.24,246.00
1066, 1.27,251.00
1115, 1.32,261.00
1131, 1.42,282.00
1166, 1.57,312.00
1200, 1.73,342.00
1235, 1.85,366.00
1270, 1.89,375.00
1305, 1.90,376.00
1343, 1.86,369.00
1378, 1.77,350.00
1411, 1.60,318.00
1444, 1.52,302.00
1478, 1.47,292.00
1513, 1.41,279.00
1548, 1.34,265.00
1583, 1.25,247.00
1617, 1.23,244.00
1655, 1.35,267.00
1687, 1.63,324.00
1721, 2.20,437.00
1756, 3.11,616.00
1791, 3.81,756.00
1826, 4.71,933.00
1861, 5.16,1023.00
1897, 5.16,1023.00
1933, 5.16,1023.00
1969, 5.16,1023.00
2005, 5.16,1023.00
2041, 5.16,1023.00
2078, 5.16,1023.00
2114, 5.16,1023.00
2150, 5.16,1023.00
2186, 5.16,1023.00
2222, 5.16,1023.00
2258, 5.16,1023.00
2294, 4.42,876.00
2329, 3.11,616.00
2364, 2.70,536.00
2399, 2.55,505.00
2434, 2.61,518.00
2469, 2.61,518.00
2504, 2.61,517.00
2539, 2.61,518.00
2574, 2.61,518.00
2609, 2.62,519.00
2644, 2.61,518.00
2679, 2.61,518.00
2716, 2.61,518.00
2749, 2.61,518.00
2784, 2.61,518.00
2819, 2.61,518.00
2854, 2.61,518.00
2889, 2.61,518.00
2924, 2.60,516.00
2959, 2.59,513.00
2994, 2.59,513.00
3029, 2.59,513.00
3068, 2.59,513.00
3099, 2.54,504.00
3134, 2.48,491.00
3169, 2.35,466.00
3204, 1.80,357.00
3239, 0.98,194.00
3274, 0.27,54.00
3310, 0.00, 0.00
3339, 0.00, 0.00
3372, 0.00, 0.00
3404, 0.00, 0.00
3437, 0.00, 0.00
3469, 0.00, 0.00
3499, 0.00, 0.00
3530, 0.00, 0.00
3561, 0.00, 0.00
3593, 0.00, 0.00
3625, 0.00, 0.00
3657, 0.00, 0.00
3688, 0.45,89.00
3722, 1.01,200.00
3757, 1.64,325.00
3791, 2.24,444.00
3826, 2.58,512.00
3861, 3.02,598.00
3896, 3.38,671.00
3931, 3.54,702.00
3967, 3.62,718.00
4004, 3.79,752.00
4036, 3.91,776.00
4072, 3.92,777.00
4107, 3.91,776.00
4142, 3.91,775.00
4177, 3.89,772.00
4212, 3.96,786.00
4248, 4.42,877.00
4282, 4.90,972.00
4318, 5.16,1023.00
4354, 5.16,1023.00
4390, 5.16,1023.00
4426, 5.16,1023.00
4462, 5.16,1023.00
4499, 5.16,1023.00
4534, 5.16,1023.00
4570, 5.16,1023.00
4606, 5.16,1023.00
4642, 5.16,1023.00
4678, 5.06,1003.00
4719, 4.58,908.00
4753, 3.99,792.00
4787, 3.21,637.00
4820, 2.46,488.00
4855, 1.98,393.00
4889, 1.51,300.00
4924, 1.30,257.00
4959, 1.16,230.00
4997, 0.92,183.00
5030, 0.60,119.00
5063, 0.23,46.00
5096, 0.00, 0.00
5128, 0.00, 0.00
5161, 0.00, 0.00
5192, 0.00, 0.00
5224, 0.00, 0.00
5255, 0.00, 0.00
5287, 0.00, 0.00
5319, 0.00, 0.00
5350, 0.00, 0.00
5382, 0.00, 0.00
5414, 0.00, 0.00
5446, 0.00, 0.00
5478, 0.00, 0.00
5509, 0.00, 0.00
5541, 0.36,72.00
5575, 1.03,205.00
5609, 1.46,289.00
5644, 1.94,385.00
5679, 2.55,506.00
5714, 3.25,644.00
5750, 3.97,787.00
5784, 4.74,940.00
5819, 5.16,1023.00
5855, 5.16,1023.00
5891, 5.16,1023.00
5927, 5.16,1023.00
5966, 5.16,1023.00
6002, 5.16,1023.00
6035, 5.16,1023.00
6071, 5.16,1023.00
6107, 5.16,1023.00
6143, 5.16,1023.00
6179, 5.16,1023.00
6217, 5.16,1023.00
6255, 5.13,1017.00
6287, 4.96,983.00
6322, 4.08,808.00
6358, 3.30,655.00
6393, 2.75,546.00
6428, 2.00,396.00
6463, 1.24,246.00
6499, 0.79,156.00
6533, 0.23,46.00
6566, 0.00, 0.00
6597, 0.00, 0.00
6629, 0.00, 0.00
6661, 0.00, 0.00
6693, 0.00, 0.00
6724, 0.00, 0.00
6756, 0.00, 0.00
6788, 0.00, 0.00
6820, 0.00, 0.00
6851, 0.00, 0.00
6883, 0.00, 0.00
6915, 0.00, 0.00
6947, 0.00, 0.00
6978, 0.00, 0.00
7010, 0.00, 0.00
7042, 0.00, 0.00
7074, 0.00, 0.00
7106, 0.17,33.00
7139, 2.16,428.00
7174, 3.07,609.00
7209, 3.95,784.00
7249, 4.55,903.00
7282, 4.87,965.00
7314, 5.16,1023.00
7351, 5.16,1023.00
7387, 5.16,1023.00
7423, 5.16,1023.00
7459, 5.16,1023.00
7498, 5.16,1023.00
7531, 5.16,1023.00
7567, 5.16,1023.00
7605, 5.16,1023.00
7639, 5.16,1023.00
7675, 5.16,1023.00
7711, 5.16,1023.00
7751, 5.16,1023.00
7783, 5.16,1023.00
7819, 5.16,1023.00
7855, 4.92,976.00
7891, 4.60,912.00
7926, 4.27,847.00
7961, 3.87,767.00
7998, 3.58,709.00
8033, 3.38,670.00
8066, 3.22,639.00
8101, 3.17,628.00
8136, 3.09,612.00
8171, 3.04,603.00
8206, 3.04,602.00
8241, 3.04,602.00
8279, 3.04,603.00
8311, 3.04,603.00
8348, 3.06,606.00
8381, 3.10,614.00
8416, 3.13,620.00
8451, 3.14,623.00
8486, 3.17,628.00
